43
48
38
59
43
48
38
59
43
48
38
59
43
48
38
59
43
48
38
59
43
48
38
59
43
48
38
59
43
48
38
59
43
48
38
59
43
48
38
59
43
48
38
59
43
48
38
59
43
48
38
59
43
48
38
59
43
48
38
59
43
48
38
59
43
48
38
59
43
48
38
59
43
48
38
59
43
48
38
59
43
48
38
59
43
48
38
59
43
48
38
59
43
48
38
59
43
48
38
59
42
48
38
59
41
48
38
59
40
48
38
59
39
48
38
59
38
48
38
59
37
48
38
59
36
48
38
59
35
48
38
59
34
48
38
59
33
48
38
59
32
48
38
59
31
48
38
59
30
48
38
59
29
48
38
59
28
48
38
59
27
48
38
59
26
48
38
59
25
48
38
59
25
48
38
59
25
48
38
59
25
48
38
59
25
48
38
59
25
48
38
59
25
48
38
59
25
48
38
59
25
48
38
59
25
48
38
59
25
48
38
59
25
48
38
59
25
48
38
59
25
48
38
59
25
48
38
59
25
48
38
59
25
48
38
59
26
48
38
59
27
48
38
59
28
48
38
59
29
48
38
59
30
48
38
59
31
48
38
59
32
48
38
59
33
48
38
59
34
48
38
59
35
48
38
59
36
48
38
59
37
48
38
59
38
48
38
59
39
48
38
59
39
48
38
59
39
48
38
59
39
48
38
59
39
48
38
59
39
48
38
59
39
48
38
59
39
47
38
59
39
46
38
59
39
45
38
59
39
44
38
59
39
43
38
59
39
42
38
59
39
41
38
59
39
40
38
59
39
40
38
59
39
40
38
59
39
40
38
59
39
40
38
59
39
41
38
59
39
42
38
59
39
43
38
59
39
44
38
59
39
45
38
59
39
46
38
59
39
47
38
59
39
48
38
59
39
49
38
59
39
50
38
59
39
51
38
59
39
52
38
59
39
53
38
59
39
54
38
59
39
55
38
59
39
55
38
59
39
55
38
59
39
55
38
59
39
55
38
59
39
55
38
59
39
55
38
59
39
55
38
59
39
