36
55
29
49
36
55
29
49
36
55
29
49
36
55
29
49
36
55
29
49
36
55
29
49
36
55
29
49
36
55
29
49
37
55
29
49
39
55
29
49
41
55
29
49
42
55
29
49
44
55
29
49
46
55
29
49
49
55
29
49
50
55
29
49
50
55
29
49
50
55
29
49
50
55
29
49
48
55
29
49
46
55
29
49
45
55
29
49
43
55
29
49
40
55
29
49
38
55
29
49
35
55
29
49
31
55
29
49
29
55
29
50
28
55
29
53
28
55
29
57
28
55
29
59
28
55
29
61
28
55
29
62
28
55
29
62
28
55
29
62
28
55
29
62
28
55
29
60
28
55
29
58
28
55
29
56
28
55
29
54
28
55
29
53
28
55
29
53
28
55
29
53
28
55
29
53
28
55
28
53
28
55
26
53
28
55
24
53
28
55
22
53
28
55
22
53
28
55
22
53
28
55
22
53
28
55
22
53
28
55
22
53
28
55
22
53
28
55
22
53
28
55
22
53
28
55
23
53
28
55
26
53
28
55
28
53
28
55
32
53
28
55
34
53
28
55
35
53
28
55
35
53
28
55
35
53
28
55
35
53
28
55
35
53
28
55
35
53
28
55
35
53
28
55
35
53
28
55
34
53
28
55
32
53
28
55
30
53
28
55
26
53
28
55
23
53
28
55
22
53
28
55
22
53
28
55
22
53
33
55
22
53
36
55
22
53
38
55
22
53
40
55
22
53
41
55
22
53
41
55
22
53
41
55
22
53
41
55
22
53
41
55
22
53
41
55
22
53
39
55
22
53
37
55
22
53
34
55
22
53
29
55
22
53
26
55
22
53
24
55
22
53
22
55
22
53
20
55
22
53
19
55
22
53
17
55
22
53
17
55
22
53
17
55
22
53
17
55
22
53
17
55
22
53
17
55
22
53
17
55
22
53
17
55
22
53
17
55
22
53
17
55
22
53
17
55
22
53
17
55
22
53
17
55
22
53
17
55
22
53
17
55
22
53
17
55
22
53
17
55
22
53
17
55
22
53
17
53
22
53
17
51
22
53
17
49
22
53
17
47
22
53
17
45
22
53
17
43
22
53
17
41
22
53
17
39
22
53
17
37
22
53
17
36
22
53
17
36
22
53
17
36
22
53
17
36
22
53
17
36
22
53
17
37
22
53
17
39
22
53
17
42
22
53
17
46
22
53
17
49
22
53
17
51
22
53
17
52
22
53
17
52
22
55
17
52
22
57
17
52
22
57
17
52
22
57
17
52
22
57
17
52
22
57
17
52
22
56
17
52
22
54
17
52
22
52
17
52
22
50
17
52
22
48
17
52
22
46
17
52
22
43
17
52
22
43
17
52
22
43
17
52
22
45
17
52
22
47
17
52
22
49
17
52
22
51
17
52
22
54
17
52
22
54
17
52
22
54
17
52
22
54
17
52
22
54
17
52
22
54
17
52
22
54
17
52
22
54
17
52
24
54
17
52
26
54
17
52
28
54
17
52
29
54
17
52
31
54
17
52
33
54
17
52
35
54
17
52
35
54
17
52
35
54
17
52
35
54
17
52
35
54
17
52
35
54
17
52
35
54
17
52
35
54
17
52
35
54
17
53
35
55
17
54
35
56
17
55
35
57
17
55
35
59
17
55
35
59
17
55
35
59
17
55
35
59
17
55
35
59
17
55
35
59
17
55
34
60
17
55
32
62
17
55
29
62
17
55
27
62
17
55
25
62
17
55
23
62
17
55
22
62
17
55
22
61
17
55
22
58
17
55
22
56
17
55
22
55
17
55
22
53
17
55
22
51
17
55
22
49
17
55
22
47
17
55
22
45
17
55
22
43
17
55
22
43
17
55
22
45
17
55
23
47
