37
38
38
38
37
38
38
38
37
38
38
38
37
38
38
38
37
38
38
38
37
38
38
38
37
38
38
38
37
38
38
38
37
38
38
38
37
38
38
38
37
38
38
38
37
38
38
38
37
38
38
38
37
38
38
38
37
38
38
38
37
38
38
38
37
38
38
38
37
38
38
38
37
38
38
38
37
38
38
38
37
38
38
38
37
38
38
38
37
38
38
38
37
38
38
38
37
38
38
38
38
38
38
38
39
38
38
38
40
38
38
38
41
38
38
38
42
38
38
38
43
38
38
38
44
38
38
38
45
38
38
38
46
38
38
38
47
38
38
38
48
38
38
38
49
38
38
38
50
38
38
38
51
38
38
38
52
38
38
38
53
38
38
38
53
38
38
38
53
38
38
38
53
38
38
38
53
38
38
38
53
38
38
38
53
38
38
38
53
38
38
38
53
38
38
38
53
38
38
38
53
38
38
38
53
38
38
38
53
38
38
38
52
38
38
38
51
38
38
38
50
38
38
38
49
38
38
38
48
38
38
38
47
38
38
38
46
38
38
38
45
38
38
38
44
38
38
38
43
38
38
38
42
38
38
38
41
38
38
38
40
38
38
38
39
38
38
38
38
38
38
38
37
38
38
38
37
38
38
38
37
38
38
38
37
38
38
38
37
38
38
38
37
38
38
38
37
38
38
38
37
38
38
38
37
38
38
38
37
38
38
38
37
38
38
38
37
38
38
38
37
38
38
38
37
38
38
38
37
38
38
38
37
38
38
38
37
38
38
38
37
38
38
38
38
38
38
38
39
38
38
38
40
38
38
38
41
38
38
38
42
38
38
38
43
38
38
38
44
38
38
38
45
38
38
38
46
38
38
38
47
38
38
38
48
38
38
38
49
38
38
38
50
38
38
38
51
38
38
38
52
38
38
38
53
38
38
38
54
38
38
38
55
38
38
38
56
38
38
38
57
38
38
38
58
38
38
38
59
38
38
38
59
38
38
38
59
38
38
38
59
38
38
38
59
38
38
38
59
38
38
38
59
38
38
38
59
38
38
38
59
38
38
38
59
38
38
38
59
38
38
38
59
38
38
38
59
38
38
38
59
38
38
38
59
38
38
38
59
38
38
38
59
38
38
38
59
38
38
38
59
38
38
38
59
38
38
38
59
38
38
38
59
38
38
38
59
38
38
38
59
38
38
38
59
38
38
38
59
38
38
38
59
38
38
38
59
38
38
38
59
38
38
38
59
38
38
38
59
38
38
38
59
38
38
38
59
38
38
38
59
38
38
38
59
38
38
38
59
38
38
38
59
38
38
38
59
38
38
38
59
38
38
38
59
38
38
38
59
38
38
38
59
38
38
38
59
38
38
38
59
38
38
38
59
38
38
38
59
38
38
38
59
38
38
38
59
38
38
38
59
38
38
38
59
38
38
38
59
38
38
38
59
38
38
38
59
38
38
38
59
38
38
38
59
38
38
38
59
38
38
38
59
38
38
38
59
38
38
38
59
38
38
38
59
38
38
38
59
38
38
38
59
38
38
38
59
38
38
38
59
38
38
38
59
38
38
38
59
38
38
38
59
38
38
38
59
38
38
38
59
38
38
38
59
38
38
38
59
38
38
38
59
