28
43
35
52
28
43
35
52
28
43
35
52
22
43
35
52
17
43
35
52
17
43
35
52
17
43
35
52
18
43
35
52
21
43
35
52
24
43
35
52
26
43
35
52
30
43
35
52
30
43
35
52
30
45
35
52
30
48
35
52
30
51
35
52
30
55
35
52
30
55
35
52
30
55
35
52
30
55
35
52
30
54
35
52
30
50
35
52
30
47
35
52
30
44
35
52
30
44
35
52
30
46
35
52
30
49
35
52
30
53
35
52
30
53
35
52
27
53
35
52
25
53
35
52
22
53
35
52
18
53
35
52
17
53
35
52
17
53
35
52
20
53
35
52
23
53
35
52
27
53
35
52
27
53
35
52
27
53
35
52
27
55
35
52
27
55
35
52
27
55
35
52
27
54
35
52
27
50
35
52
27
46
35
52
27
44
35
52
27
44
35
52
27
44
35
52
27
44
35
52
27
44
35
52
27
44
35
52
27
44
35
52
27
44
35
52
27
44
35
52
27
44
35
52
27
44
35
52
27
44
35
52
27
44
35
52
27
44
35
52
27
44
35
52
