38
55
38
59
38
55
38
59
38
55
38
59
38
55
38
59
38
55
38
59
38
55
38
59
38
55
38
59
38
55
38
59
38
55
38
59
38
55
38
59
38
55
38
59
38
55
38
59
38
55
38
59
38
55
38
59
37
55
38
59
36
55
38
59
35
55
38
59
34
55
38
59
33
55
38
59
32
55
38
59
31
55
38
59
31
55
38
59
31
55
38
59
31
55
38
59
31
55
38
59
31
55
38
59
31
55
38
59
31
55
38
59
31
55
38
59
31
55
38
59
31
55
38
59
31
55
38
59
32
55
38
59
33
55
38
59
34
55
38
59
35
55
38
59
36
55
38
59
37
55
38
59
38
55
38
59
39
55
38
59
40
55
38
59
41
55
38
59
42
55
38
59
43
55
38
59
44
55
38
59
45
55
38
59
46
55
38
59
47
55
38
59
48
55
38
59
49
55
38
59
50
55
38
59
51
55
38
59
52
55
38
59
53
55
38
59
54
55
38
59
55
55
38
59
55
55
38
59
55
55
38
59
55
55
38
59
55
55
38
59
55
55
38
59
55
55
38
59
55
55
38
59
55
55
38
59
55
55
38
59
55
55
38
59
55
55
38
59
54
55
38
59
53
55
38
59
52
55
38
59
51
55
38
59
50
55
38
59
49
55
38
59
48
55
38
59
47
55
38
59
46
55
38
59
45
55
38
59
44
55
38
59
43
55
38
59
42
55
38
59
41
55
38
59
41
55
38
59
41
55
38
59
41
55
38
59
41
55
38
59
41
55
38
59
41
55
38
59
41
55
38
59
41
55
38
59
41
55
38
59
41
55
38
59
41
55
38
59
41
55
38
59
41
55
38
59
41
54
38
59
41
53
38
59
41
52
38
59
41
51
38
59
41
50
38
59
41
49
38
59
41
